0 0.22239583333333332 0.48703703703703705 0.26666666666666666 0.4981481481481482 0.2875 0.5083333333333333 0.2947916666666667 0.5157407407407407 0.32135416666666666 0.524074074074074 0.3255208333333333 0.5314814814814814 0.35104166666666664 0.5398148148148149 0.35208333333333336 0.5462962962962963 0.35520833333333335 0.5509259259259259 0.40260416666666665 0.5666666666666667 0.40677083333333336 0.5703703703703704 0.41354166666666664 0.5703703703703704 0.4161458333333333 0.5740740740740741 0.4375 0.5787037037037037 0.4395833333333333 0.5824074074074074 0.45 0.5824074074074074 0.4552083333333333 0.5879629629629629 0.45416666666666666 0.6222222222222222 0.440625 0.6240740740740741 0.4375 0.6277777777777778 0.4140625 0.6287037037037037 0.41041666666666665 0.6166666666666667 0.4046875 0.6129629629629629 0.31302083333333336 0.6083333333333333 0.31145833333333334 0.6111111111111112 0.3125 0.6277777777777778 0.309375 0.6787037037037037 0.3020833333333333 0.6824074074074075 0.2921875 0.6712962962962963 0.259375 0.675 0.25625 0.6731481481481482 0.25729166666666664 0.6685185185185185 0.2552083333333333 0.6657407407407407 0.2552083333333333 0.6564814814814814 0.2604166666666667 0.6537037037037037 0.2609375 0.6407407407407407 0.2552083333333333 0.6268518518518519 0.25885416666666666 0.625 0.2604166666666667 0.6203703703703703 0.2604166666666667 0.5944444444444444 0.2526041666666667 0.5851851851851851 0.2375 0.575925925925926 0.23645833333333333 0.5722222222222222 0.23854166666666668 0.5694444444444444 0.23854166666666668 0.5611111111111111 0.23697916666666666 0.5546296296296296 0.23125 0.5564814814814815 0.228125 0.55 0.2203125 0.5462962962962963 0.21875 0.5361111111111111 0.21927083333333333 0.5 0.2203125 0.4888888888888889 0.22239583333333332 0.487962962962963
1 0.9458333333333333 0.6620370370370371 0.95 0.6657407407407407 0.9510416666666667 0.6833333333333333 0.95 0.7435185185185185 0.9479166666666666 0.7472222222222222 0.9416666666666667 0.7453703703703703 0.9416666666666667 0.687962962962963 0.94375 0.6666666666666666 0.9458333333333333 0.662962962962963
1 0.8692708333333333 0.6564814814814814 0.8765625 0.6583333333333333 0.8786458333333333 0.687962962962963 0.8776041666666666 0.725925925925926 0.875 0.7296296296296296 0.8703125 0.7277777777777777 0.8692708333333333 0.6574074074074074
1 0.7135416666666666 0.6407407407407407 0.7171875 0.6407407407407407 0.7182291666666667 0.6444444444444445 0.7182291666666667 0.6768518518518518 0.7135416666666666 0.6787037037037037 0.7135416666666666 0.6416666666666667
1 0.9901041666666667 0.6638888888888889 0.99375 0.6657407407407407 0.99375 0.7472222222222222 0.9927083333333333 0.7583333333333333 0.990625 0.7611111111111111 0.9854166666666667 0.7592592592592593 0.984375 0.7546296296296297 0.984375 0.6861111111111111 0.9864583333333333 0.6703703703703704 0.9901041666666667 0.6648148148148149
1 0.9088541666666666 0.6601851851851852 0.9114583333333334 0.6601851851851852 0.9135416666666667 0.6657407407407407 0.9114583333333334 0.6851851851851852 0.9114583333333334 0.7351851851851852 0.9067708333333333 0.7388888888888889 0.903125 0.7333333333333333 0.9020833333333333 0.6824074074074075 0.9020833333333333 0.6703703703703704 0.9088541666666666 0.6611111111111111
1 0.778125 0.6296296296296297 0.8140625 0.6296296296296297 0.825 0.6314814814814815 0.8270833333333333 0.6370370370370371 0.8270833333333333 0.6611111111111111 0.825 0.6648148148148149 0.8078125 0.6648148148148149 0.8046875 0.662962962962963 0.8005208333333333 0.6518518518518519 0.796875 0.6537037037037037 0.7932291666666667 0.662962962962963 0.7848958333333333 0.662962962962963 0.7760416666666666 0.6611111111111111 0.7739583333333333 0.6574074074074074 0.7739583333333333 0.6444444444444445 0.778125 0.6305555555555555
1 0.7302083333333333 0.6462962962962963 0.7348958333333333 0.6462962962962963 0.7359375 0.649074074074074 0.7359375 0.6824074074074075 0.7302083333333333 0.6842592592592592 0.7302083333333333 0.6472222222222223
1 0.6859375 0.6370370370370371 0.6901041666666666 0.6407407407407407 0.6911458333333333 0.6583333333333333 0.6901041666666666 0.6712962962962963 0.6859375 0.6694444444444444 0.6859375 0.637962962962963
1 0.796875 0.6509259259259259 0.8015625 0.6509259259259259 0.803125 0.6703703703703704 0.803125 0.7027777777777777 0.8015625 0.7064814814814815 0.796875 0.7064814814814815 0.79375 0.7027777777777777 0.7947916666666667 0.6546296296296297 0.796875 0.6518518518518519
1 0.7026041666666667 0.6388888888888888 0.70625 0.6407407407407407 0.7072916666666667 0.6444444444444445 0.7072916666666667 0.675 0.7026041666666667 0.6768518518518518 0.7026041666666667 0.6398148148148148
1 0.7046875 0.6388888888888888 0.7109375 0.6425925925925926 0.7083333333333334 0.6472222222222223 0.7109375 0.649074074074074 0.7098958333333333 0.6537037037037037 0.7119791666666667 0.6564814814814814 0.7125 0.6638888888888889 0.7135416666666666 0.6564814814814814 0.7166666666666667 0.6537037037037037 0.7145833333333333 0.65 0.715625 0.6407407407407407 0.7182291666666667 0.6425925925925926 0.7171875 0.6537037037037037 0.71875 0.6564814814814814 0.7291666666666666 0.6583333333333333 0.7270833333333333 0.6657407407407407 0.7276041666666667 0.6796296296296296 0.7348958333333333 0.6796296296296296 0.7375 0.6703703703703704 0.7411458333333333 0.6694444444444444 0.7411458333333333 0.6638888888888889 0.7432291666666667 0.6601851851851852 0.7473958333333334 0.6638888888888889 0.7526041666666666 0.6620370370370371 0.75625 0.6657407407407407 0.7625 0.6657407407407407 0.7807291666666667 0.6583333333333333 0.78125 0.662962962962963 0.784375 0.6657407407407407 0.7791666666666667 0.6657407407407407 0.7765625 0.6694444444444444 0.778125 0.6722222222222223 0.7885416666666667 0.6722222222222223 0.7901041666666667 0.6685185185185185 0.7880208333333333 0.6657407407407407 0.7901041666666667 0.6564814814814814 0.7916666666666666 0.6564814814814814 0.7942708333333334 0.6657407407407407 0.7921875 0.6694444444444444 0.7953125 0.6722222222222223 0.7942708333333334 0.6824074074074075 0.7994791666666666 0.6833333333333333 0.8036458333333333 0.6731481481481482 0.8036458333333333 0.6583333333333333 0.8072916666666666 0.6527777777777778 0.8114583333333333 0.6583333333333333 0.8104166666666667 0.662962962962963 0.8130208333333333 0.6666666666666666 0.8135416666666667 0.6759259259259259 0.8166666666666667 0.6722222222222223 0.8229166666666666 0.6722222222222223 0.8229166666666666 0.6768518518518518 0.815625 0.675 0.8125 0.6814814814814815 0.8145833333333333 0.6851851851851852 0.8458333333333333 0.6935185185185185 0.8484375 0.6972222222222222 0.853125 0.6972222222222222 0.8572916666666667 0.7037037037037037 0.859375 0.7018518518518518 0.8583333333333333 0.6972222222222222 0.8604166666666667 0.6962962962962963 0.8604166666666667 0.687962962962963 0.8645833333333334 0.687962962962963 0.8640625 0.6944444444444444 0.8666666666666667 0.700925925925926 0.8677083333333333 0.725925925925926 0.8692708333333333 0.7287037037037037 0.8822916666666667 0.7277777777777777 0.8807291666666667 0.7194444444444444 0.8713541666666667 0.7157407407407408 0.8723958333333334 0.7055555555555556 0.8760416666666667 0.6953703703703704 0.8807291666666667 0.6953703703703704 0.8822916666666667 0.700925925925926 0.8864583333333333 0.7018518518518518 0.8755208333333333 0.7064814814814815 0.8817708333333333 0.7092592592592593 0.8854166666666666 0.7166666666666667 0.8901041666666667 0.7083333333333334 0.8901041666666667 0.700925925925926 0.8927083333333333 0.6990740740740741 0.8947916666666667 0.7037037037037037 0.8947916666666667 0.712037037037037 0.890625 0.7185185185185186 0.8916666666666667 0.725925925925926 0.8895833333333333 0.7277777777777777 0.8911458333333333 0.7305555555555555 0.8973958333333333 0.7287037037037037 0.9020833333333333 0.7342592592592593 0.9166666666666666 0.7342592592592593 0.9177083333333333 0.7379629629629629 0.9390625 0.7379629629629629 0.9427083333333334 0.7462962962962963 0.9479166666666666 0.7462962962962963 0.9505208333333334 0.7379629629629629 0.9520833333333333 0.7379629629629629 0.95625 0.7398148148148148 0.9557291666666666 0.7444444444444445 0.9671875 0.7481481481481481 0.9703125 0.7453703703703703 0.9692708333333333 0.7398148148148148 0.9708333333333333 0.7398148148148148 0.9713541666666666 0.7444444444444445 0.9828125 0.7481481481481481 0.9848958333333333 0.7583333333333333 0.9885416666666667 0.7620370370370371 0.9994791666666667 0.7601851851851852 0.9994791666666667 0.7768518518518519 0.9536458333333333 0.7685185185185185 0.9473958333333333 0.7648148148148148 0.940625 0.7666666666666667 0.9364583333333333 0.762962962962963 0.8989583333333333 0.7527777777777778 0.8854166666666666 0.7416666666666667 0.834375 0.7333333333333333 0.8171875 0.7240740740740741 0.7927083333333333 0.7194444444444444 0.7890625 0.7175925925925926 0.7864583333333334 0.712037037037037 0.7739583333333333 0.7101851851851851 0.7666666666666667 0.7027777777777777 0.7375 0.6981481481481482 0.7286458333333333 0.6925925925925925 0.7265625 0.6888888888888889 0.7276041666666667 0.6851851851851852 0.7260416666666667 0.6805555555555556 0.715625 0.6824074074074075 0.6979166666666666 0.6787037037037037 0.690625 0.6694444444444444 0.6916666666666667 0.6657407407407407 0.6901041666666666 0.662962962962963 0.6859375 0.662962962962963 0.6927083333333334 0.6537037037037037 0.6916666666666667 0.6425925925925926 0.6989583333333333 0.6462962962962963 0.6953125 0.65 0.7005208333333334 0.6564814814814814 0.7052083333333333 0.6527777777777778 0.70625 0.6481481481481481 0.7005208333333334 0.65 0.7046875 0.6435185185185185 0.7046875 0.6398148148148148
1 0.31354166666666666 0.6092592592592593 0.3697916666666667 0.6138888888888889 0.3729166666666667 0.6157407407407407 0.371875 0.6203703703703703 0.37395833333333334 0.6333333333333333 0.37395833333333334 0.6537037037037037 0.371875 0.6601851851851852 0.371875 0.675 0.3697916666666667 0.6796296296296296 0.37083333333333335 0.6888888888888889 0.37395833333333334 0.6916666666666667 0.3729166666666667 0.7018518518518518 0.36822916666666666 0.7018518518518518 0.36875 0.7064814814814815 0.3651041666666667 0.7064814814814815 0.36302083333333335 0.7101851851851851 0.359375 0.7046296296296296 0.3541666666666667 0.7157407407407408 0.34479166666666666 0.7212962962962963 0.3145833333333333 0.7194444444444444 0.3078125 0.7138888888888889 0.3078125 0.7092592592592593 0.31302083333333336 0.6981481481481482 0.31354166666666666 0.6907407407407408 0.31354166666666666 0.6583333333333333 0.315625 0.6398148148148148 0.315625 0.6268518518518519 0.31302083333333336 0.6222222222222222 0.31354166666666666 0.6101851851851852
1 0.6859375 0.6351851851851852 0.6921875 0.6370370370370371 0.6921875 0.6472222222222223 0.6953125 0.649074074074074 0.6958333333333333 0.6527777777777778 0.6979166666666666 0.6518518518518519 0.696875 0.6462962962962963 0.6994791666666667 0.6435185185185185 0.6958333333333333 0.6370370370370371 0.6994791666666667 0.6351851851851852 0.7151041666666667 0.6388888888888888 0.7182291666666667 0.6425925925925926 0.7130208333333333 0.6712962962962963 0.7088541666666667 0.6675925925925926 0.7083333333333334 0.675 0.6994791666666667 0.6768518518518518 0.6848958333333334 0.6694444444444444 0.6838541666666667 0.6481481481481481 0.6859375 0.6361111111111111
1 0.4484375 0.625 0.45416666666666666 0.6268518518518519 0.45416666666666666 0.6555555555555556 0.4390625 0.6731481481481482 0.42239583333333336 0.6824074074074075 0.4119791666666667 0.6842592592592592 0.4109375 0.6574074074074074 0.4119791666666667 0.6333333333333333 0.4140625 0.6296296296296297 0.4484375 0.6259259259259259
1 0.3734375 0.6138888888888889 0.40625 0.6157407407407407 0.41041666666666665 0.6194444444444445 0.4114583333333333 0.625 0.4114583333333333 0.6787037037037037 0.409375 0.6851851851851852 0.39479166666666665 0.6981481481481482 0.37604166666666666 0.7046296296296296 0.37447916666666664 0.7027777777777777 0.37552083333333336 0.687962962962963 0.3723958333333333 0.6768518518518518 0.3734375 0.6148148148148148
0 0.7067708333333333 0.6055555555555555 0.71875 0.6092592592592593 0.7182291666666667 0.6259259259259259 0.7151041666666667 0.6324074074074074 0.678125 0.6287037037037037 0.6729166666666667 0.6305555555555555 0.6697916666666667 0.6277777777777778 0.6708333333333333 0.612037037037037 0.6739583333333333 0.6092592592592593 0.7067708333333333 0.6064814814814815